2 -> (-1, -1)
0 -> (1, 1)
32 -> (-1, -1)
2 -> (-1, -1)
0 -> (17, 3)
36 -> (-1, -1)
0 -> (18, 5)
36 -> (-1, -1)
0 -> (19, 6)
31 -> (-1, -1)
9 -> (-1, -1)
28 -> (-1, -1)
0 -> (17, 3)
28 -> (-1, -1)
0 -> (18, 5)
28 -> (-1, -1)
0 -> (19, 6)
31 -> (-1, -1)
2 -> (-1, -1)
0 -> (19, 10)
36 -> (-1, -1)
0 -> (17, 11)
31 -> (-1, -1)
0 -> (19, 10)
17 -> (-1, -1)
0 -> (17, 3)
31 -> (-1, -1)
0 -> (17, 11)
17 -> (-1, -1)
0 -> (17, 3)
31 -> (-1, -1)
7 -> (-1, -1)
29 -> (-1, -1)
0 -> (18, 5)
22 -> (-1, -1)
0 -> (19, 10)
30 -> (-1, -1)
32 -> (-1, -1)
0 -> (19, 10)
17 -> (-1, -1)
0 -> (18, 5)
31 -> (-1, -1)
33 -> (-1, -1)
8 -> (-1, -1)
7 -> (-1, -1)
29 -> (-1, -1)
0 -> (18, 5)
21 -> (-1, -1)
0 -> (17, 11)
30 -> (-1, -1)
32 -> (-1, -1)
0 -> (17, 11)
17 -> (-1, -1)
0 -> (18, 5)
31 -> (-1, -1)
33 -> (-1, -1)
7 -> (-1, -1)
29 -> (-1, -1)
0 -> (19, 6)
22 -> (-1, -1)
0 -> (19, 10)
30 -> (-1, -1)
32 -> (-1, -1)
0 -> (19, 10)
17 -> (-1, -1)
0 -> (19, 6)
31 -> (-1, -1)
33 -> (-1, -1)
8 -> (-1, -1)
7 -> (-1, -1)
29 -> (-1, -1)
0 -> (19, 6)
21 -> (-1, -1)
0 -> (17, 11)
30 -> (-1, -1)
32 -> (-1, -1)
0 -> (17, 11)
17 -> (-1, -1)
0 -> (19, 6)
31 -> (-1, -1)
33 -> (-1, -1)
10 -> (-1, -1)
27 -> (-1, -1)
1 -> (2, 22)
27 -> (-1, -1)
0 -> (19, 10)
27 -> (-1, -1)
1 -> (8, 23)
27 -> (-1, -1)
0 -> (17, 11)
31 -> (-1, -1)
11 -> (-1, -1)
1 -> (8, 25)
31 -> (-1, -1)
33 -> (-1, -1)
