2 -> (-1, -1)
0 -> (1, 1)
32 -> (-1, -1)
2 -> (-1, -1)
0 -> (6, 3)
31 -> (-1, -1)
9 -> (-1, -1)
28 -> (-1, -1)
0 -> (6, 3)
31 -> (-1, -1)
2 -> (-1, -1)
0 -> (14, 7)
17 -> (-1, -1)
1 -> (9, 9)
31 -> (-1, -1)
7 -> (-1, -1)
29 -> (-1, -1)
0 -> (6, 3)
23 -> (-1, -1)
1 -> (9, 9)
30 -> (-1, -1)
32 -> (-1, -1)
0 -> (14, 7)
17 -> (-1, -1)
1 -> (8, 14)
31 -> (-1, -1)
33 -> (-1, -1)
8 -> (-1, -1)
32 -> (-1, -1)
5 -> (-1, -1)
29 -> (-1, -1)
2 -> (-1, -1)
0 -> (5, 18)
17 -> (-1, -1)
1 -> (10, 19)
31 -> (-1, -1)
0 -> (5, 18)
14 -> (-1, -1)
0 -> (5, 18)
23 -> (-1, -1)
0 -> (6, 3)
31 -> (-1, -1)
0 -> (5, 18)
12 -> (-1, -1)
12 -> (-1, -1)
30 -> (-1, -1)
32 -> (-1, -1)
7 -> (-1, -1)
29 -> (-1, -1)
0 -> (6, 3)
16 -> (-1, -1)
0 -> (5, 18)
19 -> (-1, -1)
1 -> (8, 14)
30 -> (-1, -1)
32 -> (-1, -1)
0 -> (14, 7)
17 -> (-1, -1)
1 -> (8, 14)
31 -> (-1, -1)
0 -> (5, 18)
17 -> (-1, -1)
0 -> (6, 3)
31 -> (-1, -1)
33 -> (-1, -1)
33 -> (-1, -1)
33 -> (-1, -1)
7 -> (-1, -1)
29 -> (-1, -1)
0 -> (14, 7)
22 -> (-1, -1)
1 -> (8, 14)
30 -> (-1, -1)
32 -> (-1, -1)
10 -> (-1, -1)
27 -> (-1, -1)
0 -> (6, 3)
27 -> (-1, -1)
1 -> (11, 27)
31 -> (-1, -1)
33 -> (-1, -1)
8 -> (-1, -1)
32 -> (-1, -1)
10 -> (-1, -1)
27 -> (-1, -1)
0 -> (6, 3)
27 -> (-1, -1)
1 -> (10, 28)
31 -> (-1, -1)
33 -> (-1, -1)
11 -> (-1, -1)
1 -> (8, 14)
31 -> (-1, -1)
33 -> (-1, -1)
