2 -> (-1, -1)
0 -> (1, 1)
32 -> (-1, -1)
2 -> (-1, -1)
0 -> (10, 3)
36 -> (-1, -1)
0 -> (5, 5)
31 -> (-1, -1)
9 -> (-1, -1)
28 -> (-1, -1)
0 -> (10, 3)
31 -> (-1, -1)
2 -> (-1, -1)
0 -> (11, 9)
17 -> (-1, -1)
1 -> (8, 11)
31 -> (-1, -1)
2 -> (-1, -1)
0 -> (19, 12)
17 -> (-1, -1)
0 -> (10, 13)
31 -> (-1, -1)
2 -> (-1, -1)
0 -> (17, 14)
17 -> (-1, -1)
0 -> (12, 15)
31 -> (-1, -1)
5 -> (-1, -1)
29 -> (-1, -1)
0 -> (5, 5)
17 -> (-1, -1)
1 -> (8, 11)
31 -> (-1, -1)
0 -> (5, 5)
21 -> (-1, -1)
0 -> (10, 3)
31 -> (-1, -1)
0 -> (5, 5)
12 -> (-1, -1)
12 -> (-1, -1)
30 -> (-1, -1)
32 -> (-1, -1)
2 -> (-1, -1)
0 -> (6, 21)
31 -> (-1, -1)
9 -> (-1, -1)
28 -> (-1, -1)
0 -> (6, 21)
31 -> (-1, -1)
0 -> (11, 9)
12 -> (-1, -1)
17 -> (-1, -1)
0 -> (6, 21)
31 -> (-1, -1)
7 -> (-1, -1)
29 -> (-1, -1)
0 -> (6, 21)
22 -> (-1, -1)
0 -> (19, 12)
30 -> (-1, -1)
32 -> (-1, -1)
0 -> (19, 12)
17 -> (-1, -1)
0 -> (6, 21)
31 -> (-1, -1)
33 -> (-1, -1)
7 -> (-1, -1)
29 -> (-1, -1)
0 -> (6, 21)
21 -> (-1, -1)
0 -> (17, 14)
30 -> (-1, -1)
32 -> (-1, -1)
0 -> (17, 14)
17 -> (-1, -1)
0 -> (6, 21)
31 -> (-1, -1)
33 -> (-1, -1)
33 -> (-1, -1)
10 -> (-1, -1)
27 -> (-1, -1)
1 -> (7, 27)
27 -> (-1, -1)
0 -> (11, 9)
27 -> (-1, -1)
1 -> (2, 28)
27 -> (-1, -1)
0 -> (19, 12)
27 -> (-1, -1)
1 -> (8, 29)
27 -> (-1, -1)
0 -> (17, 14)
31 -> (-1, -1)
11 -> (-1, -1)
1 -> (8, 11)
31 -> (-1, -1)
33 -> (-1, -1)
