2 -> (-1, -1)
0 -> (1, 1)
32 -> (-1, -1)
0 -> (17, 3)
17 -> (-1, -1)
1 -> (7, 5)
13 -> (-1, -1)
1 -> (10, 7)
31 -> (-1, -1)
2 -> (-1, -1)
0 -> (17, 3)
36 -> (-1, -1)
0 -> (18, 10)
36 -> (-1, -1)
0 -> (19, 11)
31 -> (-1, -1)
9 -> (-1, -1)
28 -> (-1, -1)
0 -> (17, 3)
28 -> (-1, -1)
0 -> (18, 10)
28 -> (-1, -1)
0 -> (19, 11)
31 -> (-1, -1)
2 -> (-1, -1)
0 -> (19, 14)
36 -> (-1, -1)
0 -> (17, 15)
31 -> (-1, -1)
0 -> (19, 14)
17 -> (-1, -1)
0 -> (17, 3)
31 -> (-1, -1)
0 -> (17, 15)
17 -> (-1, -1)
0 -> (17, 3)
31 -> (-1, -1)
7 -> (-1, -1)
29 -> (-1, -1)
0 -> (18, 10)
22 -> (-1, -1)
0 -> (19, 14)
30 -> (-1, -1)
32 -> (-1, -1)
0 -> (19, 14)
17 -> (-1, -1)
0 -> (18, 10)
31 -> (-1, -1)
33 -> (-1, -1)
8 -> (-1, -1)
7 -> (-1, -1)
29 -> (-1, -1)
0 -> (18, 10)
21 -> (-1, -1)
0 -> (17, 15)
30 -> (-1, -1)
32 -> (-1, -1)
0 -> (17, 15)
17 -> (-1, -1)
0 -> (18, 10)
31 -> (-1, -1)
33 -> (-1, -1)
7 -> (-1, -1)
29 -> (-1, -1)
0 -> (19, 11)
22 -> (-1, -1)
0 -> (19, 14)
30 -> (-1, -1)
32 -> (-1, -1)
0 -> (19, 14)
17 -> (-1, -1)
0 -> (19, 11)
31 -> (-1, -1)
33 -> (-1, -1)
8 -> (-1, -1)
7 -> (-1, -1)
29 -> (-1, -1)
0 -> (19, 11)
21 -> (-1, -1)
0 -> (17, 15)
30 -> (-1, -1)
32 -> (-1, -1)
0 -> (17, 15)
17 -> (-1, -1)
0 -> (19, 11)
31 -> (-1, -1)
33 -> (-1, -1)
10 -> (-1, -1)
27 -> (-1, -1)
1 -> (15, 25)
0 -> (18, 26)
37 -> (-1, -1)
0 -> (9, 28)
31 -> (-1, -1)
11 -> (-1, -1)
1 -> (8, 30)
31 -> (-1, -1)
33 -> (-1, -1)
